21.240234, 66.247
21.394150, 66.261
21.549181, 66.279
21.705335, 66.301
21.862621, 66.326
22.021046, 66.353
22.180620, 66.382
22.341350, 66.411
22.503244, 66.441
22.666312, 66.471
22.830562, 66.500
22.996001, 66.529
23.162640, 66.556
23.330486, 66.583
23.499548, 66.609
23.669836, 66.634
23.841357, 66.659
24.014121, 66.683
24.188138, 66.707
24.363415, 66.731
24.539962, 66.755
24.717789, 66.781
24.896904, 66.807
25.077317, 66.834
25.259038, 66.863
25.442075, 66.893
25.626439, 66.923
25.812139, 66.953
25.999184, 66.982
26.187585, 67.011
26.377351, 67.037
26.568492, 67.061
26.761018, 67.083
26.954940, 67.103
27.150266, 67.120
27.347008, 67.135
27.545176, 67.149
27.744780, 67.162
27.945830, 67.175
28.148337, 67.189
28.352311, 67.203
28.557764, 67.219
28.764705, 67.236
28.973146, 67.254
29.183097, 67.273
29.394570, 67.292
29.607575, 67.313
29.822124, 67.333
30.038228, 67.353
30.255897, 67.373
30.475144, 67.392
30.695979, 67.410
30.918415, 67.427
31.142462, 67.443
31.368133, 67.458
31.595440, 67.472
31.824393, 67.486
32.055006, 67.498
32.287290, 67.509
32.521257, 67.520
32.756919, 67.530
32.994290, 67.540
33.233380, 67.549
33.474203, 67.558
33.716770, 67.566
33.961096, 67.575
34.207192, 67.584
34.455072, 67.593
34.704747, 67.603
34.956232, 67.612
35.209539, 67.622
35.464682, 67.632
35.721674, 67.641
35.980528, 67.650
36.241258, 67.658
36.503877, 67.666
36.768399, 67.673
37.034838, 67.679
37.303208, 67.684
37.573522, 67.689
37.845795, 67.694
38.120041, 67.697
38.396275, 67.701
38.674510, 67.705
38.954762, 67.708
39.237044, 67.712
39.521372, 67.716
39.807760, 67.720
40.096223, 67.724
40.386777, 67.728
40.679436, 67.732
40.974216, 67.735
41.271132, 67.738
41.570200, 67.741
41.871435, 67.744
42.174852, 67.746
42.480469, 67.747
42.788300, 67.747
43.098361, 67.745
43.410670, 67.742
43.725241, 67.738
44.042093, 67.732
44.361240, 67.726
44.682700, 67.720
45.006489, 67.714
45.332624, 67.709
45.661123, 67.704
45.992003, 67.700
46.325280, 67.697
46.660972, 67.694
46.999096, 67.692
47.339671, 67.690
47.682714, 67.687
48.028243, 67.684
48.376275, 67.681
48.726829, 67.677
49.079924, 67.673
49.435577, 67.669
49.793808, 67.664
50.154635, 67.660
50.518076, 67.656
50.884150, 67.652
51.252878, 67.647
51.624277, 67.642
51.998368, 67.637
52.375170, 67.632
52.754702, 67.625
53.136984, 67.619
53.522037, 67.611
53.909880, 67.603
54.300533, 67.594
54.694017, 67.585
55.090352, 67.574
55.489560, 67.563
55.891660, 67.550
56.296674, 67.537
56.704623, 67.524
57.115528, 67.510
57.529410, 67.495
57.946292, 67.481
58.366195, 67.468
58.789140, 67.455
59.215151, 67.443
59.644248, 67.432
60.076455, 67.421
60.511794, 67.411
60.950287, 67.402
61.391958, 67.392
61.836830, 67.383
62.284925, 67.373
62.736267, 67.364
63.190880, 67.353
63.648787, 67.342
64.110012, 67.331
64.574580, 67.319
65.042514, 67.307
65.513839, 67.294
65.988579, 67.281
66.466760, 67.268
66.948405, 67.254
67.433541, 67.241
67.922192, 67.227
68.414384, 67.213
68.910143, 67.199
69.409494, 67.185
69.912464, 67.171
70.419079, 67.156
70.929364, 67.142
71.443348, 67.128
71.961056, 67.113
72.482515, 67.099
73.007753, 67.085
73.536798, 67.071
74.069676, 67.056
74.606415, 67.042
75.147044, 67.028
75.691590, 67.014
76.240083, 67.000
76.792550, 66.985
77.349020, 66.970
77.909523, 66.955
78.474088, 66.940
79.042743, 66.924
79.615520, 66.909
80.192446, 66.893
80.773554, 66.877
81.358872, 66.862
81.948432, 66.846
82.542265, 66.830
83.140400, 66.814
83.742869, 66.798
84.349705, 66.782
84.960938, 66.765
85.576599, 66.747
86.196723, 66.730
86.821340, 66.712
87.450483, 66.694
88.084185, 66.675
88.722480, 66.657
89.365399, 66.638
90.012978, 66.620
90.665249, 66.602
91.322247, 66.584
91.984005, 66.567
92.650559, 66.549
93.321943, 66.532
93.998193, 66.515
94.679342, 66.497
95.365428, 66.480
96.056485, 66.463
96.752550, 66.446
97.453659, 66.428
98.159848, 66.411
98.871155, 66.393
99.587616, 66.376
100.309269, 66.358
101.036151, 66.340
101.768301, 66.322
102.505756, 66.304
103.248555, 66.286
103.996737, 66.267
104.750340, 66.249
105.509404, 66.231
106.273969, 66.212
107.044074, 66.194
107.819759, 66.176
108.601065, 66.158
109.388034, 66.139
110.180704, 66.121
110.979119, 66.103
111.783320, 66.085
112.593348, 66.067
113.409245, 66.049
114.231056, 66.032
115.058821, 66.014
115.892585, 65.996
116.732390, 65.978
117.578281, 65.961
118.430302, 65.943
119.288496, 65.925
120.152910, 65.907
121.023588, 65.890
121.900574, 65.872
122.783916, 65.854
123.673659, 65.837
124.569849, 65.819
125.472534, 65.801
126.381760, 65.784
127.297574, 65.767
128.220025, 65.750
129.149160, 65.733
130.085028, 65.717
131.027678, 65.700
131.977158, 65.684
132.933519, 65.668
133.896810, 65.651
134.867082, 65.635
135.844384, 65.618
136.828768, 65.600
137.820286, 65.583
138.818989, 65.565
139.824928, 65.547
140.838157, 65.529
141.858729, 65.511
142.886696, 65.493
143.922111, 65.476
144.965030, 65.459
146.015507, 65.442
147.073595, 65.426
148.139351, 65.410
149.212830, 65.394
150.294088, 65.378
151.383181, 65.362
152.480166, 65.347
153.585100, 65.331
154.698041, 65.315
155.819046, 65.299
156.948175, 65.283
158.085487, 65.267
159.231039, 65.251
160.384893, 65.235
161.547108, 65.219
162.717745, 65.203
163.896865, 65.188
165.084529, 65.172
166.280800, 65.157
167.485739, 65.141
168.699410, 65.126
169.921875, 65.111
171.153199, 65.096
172.393446, 65.082
173.642680, 65.067
174.900966, 65.052
176.168370, 65.038
177.444959, 65.024
178.730798, 65.009
180.025955, 64.995
181.330498, 64.981
182.644493, 64.967
183.968011, 64.954
185.301119, 64.940
186.643887, 64.927
187.996385, 64.913
189.358685, 64.900
190.730856, 64.887
192.112970, 64.873
193.505100, 64.860
194.907318, 64.847
196.319697, 64.833
197.742310, 64.820
199.175232, 64.806
200.618538, 64.793
202.072303, 64.779
203.536602, 64.766
205.011512, 64.753
206.497110, 64.740
207.993473, 64.728
209.500680, 64.715
211.018808, 64.703
212.547937, 64.691
214.088147, 64.679
215.639518, 64.667
217.202131, 64.655
218.776067, 64.644
220.361409, 64.633
221.958238, 64.622
223.566639, 64.610
225.186695, 64.599
226.818491, 64.588
228.462111, 64.577
230.117642, 64.566
231.785169, 64.555
233.464780, 64.544
235.156562, 64.532
236.860603, 64.521
238.576993, 64.510
240.305820, 64.499
242.047175, 64.487
243.801149, 64.476
245.567832, 64.466
247.347318, 64.455
249.139699, 64.444
250.945068, 64.434
252.763519, 64.424
254.595148, 64.414
256.440049, 64.404
258.298320, 64.395
260.170056, 64.385
262.055355, 64.376
263.954316, 64.366
265.867038, 64.357
267.793620, 64.348
269.734163, 64.339
271.688768, 64.331
273.657537, 64.322
275.640572, 64.314
277.637977, 64.305
279.649857, 64.297
281.676315, 64.290
283.717457, 64.282
285.773391, 64.275
287.844223, 64.268
289.930061, 64.261
292.031014, 64.255
294.147191, 64.248
296.278702, 64.242
298.425660, 64.236
300.588175, 64.229
302.766361, 64.223
304.960331, 64.217
307.170199, 64.211
309.396081, 64.205
311.638093, 64.199
313.896351, 64.193
316.170973, 64.187
318.462078, 64.181
320.769786, 64.175
323.094216, 64.169
325.435490, 64.163
327.793730, 64.157
330.169058, 64.151
332.561599, 64.145
334.971478, 64.139
337.398819, 64.133
339.843750, 64.128
342.306398, 64.122
344.786891, 64.117
347.285359, 64.111
349.801932, 64.106
352.336741, 64.102
354.889918, 64.097
357.461597, 64.093
360.051911, 64.089
362.660996, 64.085
365.288987, 64.081
367.936021, 64.078
370.602237, 64.074
373.287774, 64.071
375.992771, 64.067
378.717370, 64.064
381.461712, 64.061
384.225941, 64.058
387.010200, 64.055
389.814636, 64.053
392.639393, 64.050
395.484620, 64.048
398.350465, 64.046
401.237076, 64.043
404.144605, 64.041
407.073204, 64.040
410.023024, 64.038
412.994220, 64.036
415.986946, 64.035
419.001359, 64.033
422.037616, 64.032
425.095874, 64.031
428.176294, 64.030
431.279036, 64.029
434.404262, 64.028
437.552134, 64.028
440.722817, 64.027
443.916477, 64.027
447.133278, 64.026
450.373390, 64.026
453.636982, 64.025
456.924222, 64.025
460.235284, 64.025
463.570338, 64.024
466.929560, 64.024
470.313124, 64.023
473.721207, 64.023
477.153986, 64.023
480.611640, 64.023
484.094350, 64.023
487.602298, 64.023
491.135665, 64.023
494.694636, 64.023
498.279398, 64.023
501.890136, 64.024
505.527038, 64.024
509.190296, 64.025
512.880098, 64.026
516.596639, 64.026
520.340111, 64.027
524.110710, 64.028
527.908632, 64.029
531.734076, 64.030
535.587240, 64.031
539.468326, 64.032
543.377536, 64.034
547.315074, 64.035
551.281144, 64.037
555.275955, 64.039
559.299713, 64.041
563.352630, 64.043
567.434915, 64.045
571.546782, 64.048
575.688446, 64.050
579.860122, 64.053
584.062027, 64.056
588.294381, 64.058
592.557405, 64.061
596.851320, 64.064
601.176351, 64.067
605.532722, 64.070
609.920662, 64.073
614.340399, 64.077
618.792163, 64.080
623.276186, 64.084
627.792702, 64.088
632.341946, 64.091
636.924157, 64.095
641.539572, 64.100
646.188432, 64.104
650.870980, 64.108
655.587459, 64.113
660.338116, 64.117
665.123198, 64.122
669.942955, 64.127
674.797638, 64.133
679.687500, 64.138
684.612796, 64.144
689.573782, 64.150
694.570718, 64.156
699.603864, 64.162
704.673482, 64.169
709.779836, 64.175
714.923194, 64.183
720.103822, 64.190
725.321991, 64.198
730.577973, 64.205
735.872042, 64.214
741.204475, 64.222
746.575548, 64.231
751.985542, 64.240
757.434739, 64.249
762.923423, 64.258
768.451881, 64.268
774.020400, 64.278
779.629271, 64.288
785.278786, 64.298
790.969240, 64.309
796.700929, 64.320
802.474152, 64.331
808.289211, 64.342
814.146408, 64.354
820.046048, 64.366
825.988440, 64.378
831.973893, 64.391
838.002719, 64.404
844.075232, 64.417
850.191749, 64.431
856.352589, 64.445
862.558072, 64.459
868.808524, 64.474
875.104269, 64.489
881.445635, 64.505
887.832953, 64.520
894.266557, 64.536
900.746781, 64.553
907.273963, 64.570
913.848445, 64.587
920.470567, 64.605
927.140676, 64.623
933.859120, 64.641
940.626248, 64.659
947.442413, 64.678
954.307972, 64.696
961.223281, 64.714
968.188701, 64.732
975.204595, 64.749
982.271330, 64.765
989.389273, 64.781
996.558795, 64.795
1003.780271, 64.809
1011.054077, 64.822
1018.380591, 64.835
1025.760197, 64.847
1033.193278, 64.860
1040.680223, 64.874
1048.221420, 64.890
1055.817265, 64.907
1063.468152, 64.927
1071.174481, 64.948
1078.936653, 64.972
1086.755072, 64.998
1094.630147, 65.025
1102.562289, 65.053
1110.551910, 65.082
1118.599427, 65.112
1126.705259, 65.143
1134.869830, 65.173
1143.093564, 65.205
1151.376892, 65.236
1159.720243, 65.268
1168.124054, 65.300
1176.588763, 65.332
1185.114810, 65.365
1193.702640, 65.398
1202.352702, 65.431
1211.065445, 65.465
1219.841324, 65.499
1228.680798, 65.533
1237.584325, 65.569
1246.552371, 65.604
1255.585404, 65.640
1264.683893, 65.677
1273.848314, 65.714
1283.079144, 65.752
1292.376864, 65.791
1301.741960, 65.830
1311.174919, 65.870
1320.676233, 65.910
1330.246397, 65.951
1339.885911, 65.993
1349.595276, 66.035
1359.375000, 66.078
1369.225592, 66.122
1379.147565, 66.166
1389.141436, 66.211
1399.207728, 66.257
1409.346964, 66.303
1419.559673, 66.350
1429.846388, 66.397
1440.207644, 66.445
1450.643982, 66.494
1461.155946, 66.544
1471.744085, 66.594
1482.408949, 66.645
1493.151095, 66.697
1503.971084, 66.750
1514.869478, 66.803
1525.846847, 66.857
1536.903762, 66.911
1548.040800, 66.966
1559.258542, 67.022
1570.557572, 67.079
1581.938480, 67.136
1593.401858, 67.194
1604.948305, 67.253
1616.578422, 67.312
1628.292816, 67.372
1640.092097, 67.432
1651.976880, 67.493
1663.947785, 67.555
1676.005437, 67.617
1688.150463, 67.680
1700.383497, 67.744
1712.705177, 67.808
1725.116145, 67.873
1737.617048, 67.938
1750.208537, 68.004
1762.891270, 68.070
1775.665906, 68.137
1788.533114, 68.204
1801.493562, 68.272
1814.547927, 68.340
1827.696889, 68.408
1840.941134, 68.477
1854.281352, 68.546
1867.718240, 68.615
1881.252496, 68.685
1894.884827, 68.754
1908.615943, 68.824
1922.446561, 68.894
1936.377402, 68.964
1950.409190, 69.034
1964.542659, 69.104
1978.778545, 69.174
1993.117590, 69.244
2007.560542, 69.314
2022.108153, 69.383
2036.761183, 69.452
2051.520394, 69.521
2066.386556, 69.590
2081.360445, 69.658
2096.442841, 69.726
2111.634530, 69.793
2126.936304, 69.859
2142.348961, 69.925
2157.873305, 69.989
2173.510145, 70.053
2189.260295, 70.116
2205.124578, 70.177
2221.103819, 70.238
2237.198853, 70.297
2253.410518, 70.355
2269.739660, 70.411
2286.187129, 70.466
2302.753783, 70.520
2319.440486, 70.573
2336.248108, 70.625
2353.177525, 70.676
2370.229620, 70.725
2387.405281, 70.775
2404.705403, 70.823
2422.130890, 70.872
2439.682649, 70.920
2457.361595, 70.969
2475.168650, 71.018
2493.104742, 71.067
2511.170807, 71.117
2529.367786, 71.167
2547.696628, 71.219
2566.158288, 71.272
2584.753728, 71.325
2603.483919, 71.380
2622.349837, 71.436
2641.352465, 71.493
2660.492794, 71.552
2679.771821, 71.612
2699.190553, 71.673
2718.750000, 71.736
2738.451183, 71.800
2758.295129, 71.865
2778.282873, 71.932
2798.415456, 72.000
2818.693928, 72.069
2839.119346, 72.139
2859.692775, 72.211
2880.415288, 72.284
2901.287964, 72.359
2922.311893, 72.435
2943.488170, 72.513
2964.817898, 72.592
2986.302191, 72.674
3007.942168, 72.757
3029.738956, 72.842
3051.693694, 72.929
3073.807524, 73.018
3096.081601, 73.110
3118.517084, 73.204
3141.115145, 73.301
3163.876960, 73.401
3186.803716, 73.503
3209.896610, 73.609
3233.156844, 73.718
3256.585631, 73.831
3280.184193, 73.948
3303.953760, 74.068
3327.895571, 74.192
3352.010874, 74.321
3376.300927, 74.454
3400.766995, 74.592
3425.410354, 74.735
3450.232290, 74.883
3475.234095, 75.037
3500.417074, 75.196
3525.782539, 75.361
3551.331813, 75.533
3577.066227, 75.711
3602.987124, 75.896
3629.095854, 76.088
3655.393778, 76.287
3681.882268, 76.494
3708.562705, 76.707
3735.436479, 76.928
3762.504992, 77.157
3789.769654, 77.392
3817.231887, 77.634
3844.893123, 77.882
3872.754803, 78.136
3900.818381, 78.394
3929.085319, 78.657
3957.557091, 78.924
3986.235181, 79.192
4015.121084, 79.460
4044.216307, 79.728
4073.522365, 79.994
4103.040788, 80.255
4132.773112, 80.510
4162.720890, 80.757
4192.885682, 80.993
4223.269060, 81.216
4253.872608, 81.423
4284.697923, 81.612
4315.746610, 81.779
4347.020289, 81.924
4378.520590, 82.042
4410.249155, 82.131
4442.207638, 82.189
4474.397706, 82.215
4506.821036, 82.206
4539.479320, 82.163
4572.374258, 82.083
4605.507567, 81.968
4638.880973, 81.818
4672.496217, 81.633
4706.355050, 81.414
4740.459239, 81.165
4774.810561, 80.886
4809.410807, 80.580
4844.261780, 80.248
4879.365298, 79.895
4914.723190, 79.521
4950.337300, 79.131
4986.209485, 78.726
5022.341614, 78.309
5058.735572, 77.882
5095.393255, 77.448
5132.316575, 77.010
5169.507457, 76.567
5206.967839, 76.123
5244.699674, 75.679
5282.704930, 75.237
5320.985588, 74.796
5359.543643, 74.358
5398.381105, 73.924
5437.500000, 73.493
5476.902366, 73.068
5516.590259, 72.647
5556.565746, 72.232
5596.830912, 71.822
5637.387856, 71.419
5678.238692, 71.021
5719.385550, 70.628
5760.830576, 70.243
5802.575929, 69.863
5844.623786, 69.489
5886.976339, 69.121
5929.635796, 68.759
5972.604382, 68.403
6015.884335, 68.052
6059.477913, 67.708
6103.387388, 67.369
6147.615049, 67.037
6192.163201, 66.710
6237.034169, 66.389
6282.230289, 66.074
6327.753920, 65.765
6373.607433, 65.462
6419.793220, 65.166
6466.313688, 64.875
6513.171262, 64.592
6560.368386, 64.315
6607.907520, 64.045
6655.791142, 63.783
6704.021748, 63.527
6752.601853, 63.279
6801.533990, 63.038
6850.820709, 62.805
6900.464580, 62.580
6950.468191, 62.364
7000.834148, 62.156
7051.565078, 61.958
7102.663626, 61.769
7154.132454, 61.590
7205.974247, 61.421
7258.191707, 61.263
7310.787556, 61.117
7363.764536, 60.983
7417.125410, 60.861
7470.872958, 60.752
7525.009983, 60.658
7579.539308, 60.578
7634.463774, 60.514
7689.786245, 60.466
7745.509606, 60.436
7801.636762, 60.424
7858.170638, 60.432
7915.114182, 60.461
7972.470362, 60.512
8030.242169, 60.587
8088.432614, 60.687
8147.044731, 60.813
8206.081575, 60.967
8265.546225, 61.150
8325.441780, 61.362
8385.771363, 61.603
8446.538119, 61.873
8507.745216, 62.169
8569.395845, 62.491
8631.493220, 62.835
8694.040578, 63.197
8757.041180, 63.571
8820.498310, 63.953
8884.415277, 64.335
8948.795412, 64.710
9013.642073, 65.072
9078.958639, 65.411
9144.748516, 65.721
9211.015133, 65.993
9277.761946, 66.220
9344.992434, 66.396
9412.710101, 66.516
9480.918478, 66.576
9549.621122, 66.575
9618.821613, 66.512
9688.523560, 66.392
9758.730595, 66.220
9829.446380, 66.005
9900.674600, 65.758
9972.418970, 65.492
10044.683229, 65.220
10117.471144, 64.955
10190.786510, 64.710
10264.633150, 64.492
10339.014914, 64.307
10413.935678, 64.154
10489.399348, 64.032
10565.409860, 63.932
10641.971175, 63.848
10719.087285, 63.772
10796.762210, 63.696
10875.000000, 63.617
10953.804733, 63.530
11033.180517, 63.434
11113.131492, 63.330
11193.661823, 63.218
11274.775711, 63.104
11356.477384, 62.991
11438.771100, 62.884
11521.661151, 62.790
11605.151857, 62.716
11689.247572, 62.666
11773.952678, 62.646
11859.271593, 62.658
11945.208763, 62.704
12031.768670, 62.782
12118.955826, 62.888
12206.774775, 63.015
12295.230097, 63.155
12384.326403, 63.299
12474.068337, 63.436
12564.460578, 63.558
12655.507839, 63.656
12747.214866, 63.722
12839.586440, 63.750
12932.627376, 63.738
13026.342525, 63.682
13120.736772, 63.584
13215.815040, 63.445
13311.582283, 63.270
13408.043496, 63.063
13505.203706, 62.830
13603.067980, 62.577
13701.641418, 62.311
13800.929159, 62.036
13900.936381, 61.758
14001.668297, 61.481
14103.130157, 61.207
14205.327252, 60.937
14308.264909, 60.670
14411.948494, 60.404
14516.383414, 60.136
14621.575112, 59.863
14727.529073, 59.579
14834.250820, 59.282
14941.745916, 58.968
15050.019966, 58.635
15159.078615, 58.281
15268.927548, 57.908
15379.572491, 57.515
15491.019213, 57.106
15603.273524, 56.684
15716.341276, 56.253
15830.228363, 55.818
15944.940724, 55.385
16060.484337, 54.959
16176.865227, 54.544
16294.089461, 54.146
16412.163150, 53.767
16531.092450, 53.410
16650.883560, 53.075
16771.542726, 52.761
16893.076239, 52.465
17015.490433, 52.184
17138.791691, 51.912
17262.986440, 51.643
17388.081156, 51.371
17514.082360, 51.092
17640.996620, 50.800
17768.830554, 50.491
17897.590825, 50.162
18027.284146, 49.812
18157.917278, 49.438
18289.497032, 49.041
18422.030267, 48.619
18555.523892, 48.174
18689.984867, 47.708
18825.420202, 47.221
18961.836957, 46.720
19099.242244, 46.210
19237.643227, 45.700
19377.047120, 45.203
19517.461191, 44.736
19658.892760, 44.321
19801.349201, 43.979
19944.837940, 43.735
20089.366457, 43.608

