20.141602, 66.086
20.287556, 66.097
20.434568, 66.112
20.582645, 66.131
20.731796, 66.153
20.882027, 66.179
21.033346, 66.207
21.185763, 66.238
21.339284, 66.271
21.493917, 66.305
21.649671, 66.341
21.806553, 66.377
21.964572, 66.413
22.123737, 66.450
22.284054, 66.486
22.445534, 66.522
22.608183, 66.557
22.772012, 66.591
22.937027, 66.623
23.103238, 66.655
23.270654, 66.685
23.439282, 66.713
23.609133, 66.740
23.780215, 66.766
23.952536, 66.790
24.126106, 66.813
24.300934, 66.836
24.477028, 66.859
24.654399, 66.882
24.833055, 66.906
25.013005, 66.931
25.194260, 66.958
25.376828, 66.985
25.560719, 67.013
25.745942, 67.041
25.932508, 67.069
26.120426, 67.095
26.309705, 67.120
26.500356, 67.142
26.692388, 67.162
26.885812, 67.181
27.080638, 67.197
27.276876, 67.213
27.474535, 67.227
27.673627, 67.241
27.874161, 67.255
28.076149, 67.270
28.279600, 67.285
28.484526, 67.301
28.690937, 67.317
28.898843, 67.334
29.108256, 67.350
29.319186, 67.367
29.531645, 67.384
29.745644, 67.401
29.961193, 67.417
30.178304, 67.434
30.396989, 67.450
30.617258, 67.466
30.839123, 67.482
31.062596, 67.498
31.287688, 67.514
31.514412, 67.529
31.742778, 67.544
31.972800, 67.558
32.204488, 67.572
32.437855, 67.585
32.672913, 67.596
32.909674, 67.607
33.148151, 67.616
33.388356, 67.625
33.630302, 67.633
33.874001, 67.640
34.119466, 67.647
34.366710, 67.654
34.615745, 67.661
34.866585, 67.667
35.119243, 67.674
35.373731, 67.680
35.630064, 67.686
35.888254, 67.692
36.148315, 67.698
36.410261, 67.704
36.674104, 67.710
36.939860, 67.715
37.207542, 67.721
37.477163, 67.726
37.748738, 67.731
38.022281, 67.736
38.297806, 67.741
38.575327, 67.746
38.854860, 67.750
39.136419, 67.754
39.420017, 67.758
39.705671, 67.761
39.993395, 67.763
40.283203, 67.764
40.575112, 67.765
40.869136, 67.765
41.165290, 67.766
41.463591, 67.765
41.764053, 67.765
42.066693, 67.764
42.371525, 67.761
42.678567, 67.758
42.987834, 67.754
43.299341, 67.748
43.613106, 67.740
43.929145, 67.732
44.247473, 67.724
44.568109, 67.715
44.891068, 67.707
45.216367, 67.700
45.544023, 67.695
45.874054, 67.690
46.206476, 67.687
46.541307, 67.685
46.878565, 67.684
47.218266, 67.682
47.560429, 67.681
47.905072, 67.678
48.252212, 67.674
48.601867, 67.669
48.954056, 67.663
49.308798, 67.656
49.666109, 67.647
50.026010, 67.639
50.388520, 67.630
50.753656, 67.622
51.121437, 67.614
51.491884, 67.606
51.865016, 67.598
52.240851, 67.591
52.619410, 67.583
53.000712, 67.575
53.384777, 67.567
53.771625, 67.559
54.161276, 67.551
54.553751, 67.543
54.949070, 67.534
55.347254, 67.524
55.748323, 67.514
56.152298, 67.504
56.559201, 67.492
56.969052, 67.480
57.381873, 67.467
57.797686, 67.454
58.216512, 67.440
58.638373, 67.426
59.063291, 67.412
59.491288, 67.398
59.922386, 67.384
60.356608, 67.371
60.793977, 67.358
61.234515, 67.345
61.678246, 67.332
62.125192, 67.319
62.575377, 67.306
63.028824, 67.292
63.485557, 67.279
63.945599, 67.265
64.408975, 67.251
64.875709, 67.237
65.345825, 67.222
65.819348, 67.207
66.296302, 67.192
66.776713, 67.177
67.260604, 67.162
67.748002, 67.147
68.238932, 67.133
68.733420, 67.118
69.231490, 67.103
69.733170, 67.088
70.238485, 67.073
70.747463, 67.058
71.260128, 67.043
71.776508, 67.027
72.296630, 67.011
72.820521, 66.996
73.348209, 66.980
73.879720, 66.963
74.415083, 66.947
74.954326, 66.930
75.497475, 66.913
76.044561, 66.896
76.595612, 66.879
77.150655, 66.861
77.709720, 66.843
78.272837, 66.825
78.840034, 66.807
79.411342, 66.789
79.986789, 66.771
80.566406, 66.752
81.150224, 66.734
81.738272, 66.716
82.330581, 66.698
82.927182, 66.679
83.528107, 66.661
84.133386, 66.643
84.743051, 66.624
85.357134, 66.605
85.975667, 66.586
86.598682, 66.566
87.226212, 66.547
87.858289, 66.527
88.494946, 66.507
89.136217, 66.487
89.782135, 66.467
90.432733, 66.447
91.088046, 66.427
91.748108, 66.408
92.412952, 66.388
93.082615, 66.368
93.757130, 66.349
94.436533, 66.329
95.120859, 66.309
95.810144, 66.290
96.504423, 66.270
97.203734, 66.250
97.908112, 66.230
98.617595, 66.211
99.332219, 66.191
100.052021, 66.172
100.777039, 66.152
101.507311, 66.133
102.242875, 66.113
102.983769, 66.093
103.730032, 66.073
104.481702, 66.054
105.238820, 66.034
106.001424, 66.014
106.769554, 65.994
107.543250, 65.974
108.322553, 65.955
109.107503, 65.935
109.898141, 65.916
110.694508, 65.896
111.496646, 65.877
112.304596, 65.857
113.118402, 65.838
113.938104, 65.818
114.763747, 65.798
115.595372, 65.779
116.433024, 65.759
117.276746, 65.739
118.126581, 65.720
118.982575, 65.700
119.844772, 65.680
120.713217, 65.660
121.587954, 65.640
122.469031, 65.620
123.356492, 65.600
124.250384, 65.580
125.150753, 65.560
126.057647, 65.540
126.971113, 65.520
127.891198, 65.500
128.817950, 65.480
129.751418, 65.461
130.691651, 65.441
131.638696, 65.422
132.592604, 65.403
133.553425, 65.385
134.521208, 65.366
135.496004, 65.347
136.477864, 65.328
137.466839, 65.309
138.462981, 65.290
139.466340, 65.271
140.476971, 65.252
141.494925, 65.232
142.520256, 65.213
143.553016, 65.193
144.593260, 65.174
145.641043, 65.156
146.696418, 65.137
147.759441, 65.119
148.830166, 65.101
149.908651, 65.083
150.994951, 65.066
152.089123, 65.048
153.191223, 65.030
154.301310, 65.012
155.419441, 64.994
156.545674, 64.976
157.680069, 64.957
158.822683, 64.939
159.973578, 64.920
161.132813, 64.901
162.300447, 64.882
163.476543, 64.864
164.661162, 64.845
165.854364, 64.827
167.056213, 64.809
168.266772, 64.792
169.486102, 64.775
170.714268, 64.758
171.951334, 64.741
173.197364, 64.725
174.452424, 64.708
175.716578, 64.692
176.989893, 64.676
178.272434, 64.660
179.564270, 64.645
180.865467, 64.629
182.176092, 64.614
183.496216, 64.599
184.825905, 64.584
186.165229, 64.569
187.514259, 64.555
188.873065, 64.540
190.241717, 64.525
191.620287, 64.510
193.008847, 64.495
194.407468, 64.480
195.816225, 64.465
197.235190, 64.450
198.664438, 64.435
200.104042, 64.419
201.554078, 64.404
203.014622, 64.389
204.485750, 64.373
205.967538, 64.359
207.460064, 64.344
208.963405, 64.330
210.477640, 64.316
212.002848, 64.302
213.539108, 64.289
215.086500, 64.276
216.645105, 64.263
218.215005, 64.251
219.796281, 64.238
221.389015, 64.226
222.993292, 64.214
224.609193, 64.201
226.236804, 64.189
227.876209, 64.176
229.527494, 64.163
231.190745, 64.151
232.866048, 64.138
234.553491, 64.125
236.253163, 64.112
237.965150, 64.099
239.689544, 64.085
241.426433, 64.072
243.175909, 64.059
244.938062, 64.047
246.712984, 64.034
248.500768, 64.022
250.301507, 64.010
252.115295, 63.998
253.942226, 63.986
255.782396, 63.974
257.635901, 63.962
259.502837, 63.951
261.383301, 63.939
263.277392, 63.928
265.185209, 63.917
267.106850, 63.906
269.042417, 63.896
270.992009, 63.886
272.955729, 63.876
274.933678, 63.867
276.925961, 63.858
278.932681, 63.850
280.953942, 63.843
282.989850, 63.836
285.040511, 63.829
287.106032, 63.823
289.186521, 63.817
291.282086, 63.811
293.392836, 63.806
295.518881, 63.800
297.660333, 63.794
299.817302, 63.788
301.989902, 63.782
304.178245, 63.776
306.382446, 63.769
308.602620, 63.763
310.838882, 63.756
313.091348, 63.750
315.360137, 63.743
317.645367, 63.736
319.947156, 63.729
322.265625, 63.722
324.600895, 63.714
326.953086, 63.707
329.322323, 63.700
331.708729, 63.692
334.112427, 63.685
336.533543, 63.678
338.972204, 63.671
341.428536, 63.664
343.902668, 63.658
346.394729, 63.652
348.904848, 63.646
351.433156, 63.640
353.979786, 63.635
356.544869, 63.630
359.128540, 63.625
361.730934, 63.620
364.352185, 63.615
366.992431, 63.610
369.651810, 63.605
372.330459, 63.601
375.028519, 63.596
377.746130, 63.591
380.483434, 63.587
383.240574, 63.583
386.017693, 63.580
388.814937, 63.576
391.632450, 63.573
394.470380, 63.571
397.328875, 63.568
400.208084, 63.566
403.108157, 63.563
406.029245, 63.561
408.971500, 63.559
411.935076, 63.557
414.920127, 63.556
417.926810, 63.554
420.955280, 63.553
424.005695, 63.551
427.078215, 63.550
430.173000, 63.549
433.290211, 63.548
436.430010, 63.546
439.592562, 63.545
442.778031, 63.544
445.986583, 63.543
449.218386, 63.542
452.473607, 63.541
455.752418, 63.540
459.054987, 63.539
462.381489, 63.538
465.732096, 63.538
469.106983, 63.537
472.506325, 63.536
475.930301, 63.536
479.379088, 63.535
482.852867, 63.535
486.351817, 63.534
489.876123, 63.534
493.425968, 63.533
497.001536, 63.533
500.603014, 63.533
504.230589, 63.533
507.884452, 63.532
511.564792, 63.533
515.271802, 63.533
519.005673, 63.533
522.766602, 63.534
526.554785, 63.534
530.370418, 63.535
534.213700, 63.536
538.084833, 63.537
541.984018, 63.538
545.911457, 63.539
549.867357, 63.540
553.851922, 63.541
557.865362, 63.543
561.907884, 63.545
565.979700, 63.547
570.081022, 63.549
574.212064, 63.551
578.373042, 63.554
582.564171, 63.556
586.785671, 63.559
591.037762, 63.561
595.320665, 63.564
599.634604, 63.567
603.979804, 63.569
608.356491, 63.572
612.764893, 63.575
617.205240, 63.577
621.677763, 63.580
626.182696, 63.583
630.720274, 63.586
635.290733, 63.590
639.894312, 63.593
644.531250, 63.597
649.201789, 63.600
653.906173, 63.604
658.644647, 63.609
663.417457, 63.613
668.224854, 63.617
673.067086, 63.622
677.944408, 63.627
682.857073, 63.632
687.805336, 63.637
692.789457, 63.643
697.809695, 63.649
702.866312, 63.655
707.959571, 63.661
713.089738, 63.668
718.257080, 63.675
723.461867, 63.682
728.704370, 63.689
733.984862, 63.697
739.303619, 63.704
744.660918, 63.712
750.057038, 63.721
755.492260, 63.729
760.966869, 63.738
766.481148, 63.747
772.035387, 63.756
777.629873, 63.765
783.264900, 63.775
788.940760, 63.785
794.657750, 63.795
800.416168, 63.806
806.216313, 63.817
812.058489, 63.828
817.943000, 63.839
823.870152, 63.851
829.840255, 63.863
835.853619, 63.876
841.910559, 63.889
848.011390, 63.903
854.156430, 63.917
860.346000, 63.931
866.580422, 63.946
872.860020, 63.961
879.185124, 63.976
885.556062, 63.992
891.973166, 64.008
898.436771, 64.024
904.947215, 64.041
911.504835, 64.058
918.109975, 64.075
924.762978, 64.093
931.464192, 64.111
938.213966, 64.130
945.012651, 64.148
951.860602, 64.167
958.758176, 64.186
965.705733, 64.205
972.703635, 64.223
979.752246, 64.241
986.851935, 64.259
994.003071, 64.276
1001.206027, 64.292
1008.461179, 64.307
1015.768904, 64.321
1023.129584, 64.334
1030.543603, 64.347
1038.011347, 64.359
1045.533205, 64.372
1053.109569, 64.386
1060.740836, 64.402
1068.427401, 64.421
1076.169666, 64.442
1083.968035, 64.465
1091.822915, 64.490
1099.734713, 64.518
1107.703844, 64.546
1115.730723, 64.576
1123.815768, 64.607
1131.959400, 64.638
1140.162045, 64.670
1148.424129, 64.702
1156.746083, 64.734
1165.128342, 64.767
1173.571343, 64.800
1182.075524, 64.833
1190.641331, 64.866
1199.269209, 64.900
1207.959608, 64.934
1216.712981, 64.969
1225.529785, 65.004
1234.410479, 65.040
1243.355526, 65.076
1252.365393, 65.112
1261.440549, 65.149
1270.581467, 65.187
1279.788624, 65.225
1289.062500, 65.263
1298.403578, 65.303
1307.812346, 65.343
1317.289293, 65.383
1326.834914, 65.424
1336.449707, 65.466
1346.134173, 65.509
1355.888816, 65.552
1365.714145, 65.596
1375.610673, 65.640
1385.578915, 65.685
1395.619391, 65.731
1405.732624, 65.777
1415.919142, 65.824
1426.179476, 65.871
1436.514160, 65.919
1446.923734, 65.968
1457.408740, 66.018
1467.969724, 66.068
1478.607238, 66.120
1489.321836, 66.172
1500.114076, 66.225
1510.984521, 66.278
1521.933737, 66.332
1532.962297, 66.387
1544.070773, 66.443
1555.259747, 66.499
1566.529800, 66.556
1577.881521, 66.614
1589.315501, 66.672
1600.832336, 66.731
1612.432627, 66.791
1624.116978, 66.851
1635.886000, 66.911
1647.740304, 66.973
1659.680509, 67.035
1671.707238, 67.097
1683.821118, 67.160
1696.022780, 67.224
1708.312860, 67.288
1720.692000, 67.353
1733.160843, 67.419
1745.720041, 67.484
1758.370248, 67.551
1771.112124, 67.618
1783.946332, 67.685
1796.873543, 67.753
1809.894429, 67.821
1823.009670, 67.890
1836.219950, 67.959
1849.525956, 68.028
1862.928384, 68.097
1876.427931, 68.167
1890.025301, 68.237
1903.721204, 68.307
1917.516352, 68.377
1931.411466, 68.447
1945.407270, 68.517
1959.504493, 68.588
1973.703870, 68.658
1988.006142, 68.728
2002.412054, 68.798
2016.922357, 68.867
2031.537808, 68.937
2046.259169, 69.006
2061.087206, 69.075
2076.022694, 69.143
2091.066410, 69.211
2106.219139, 69.278
2121.481671, 69.344
2136.854802, 69.410
2152.339333, 69.475
2167.936071, 69.538
2183.645829, 69.601
2199.469427, 69.662
2215.407689, 69.722
2231.461446, 69.780
2247.631536, 69.837
2263.918800, 69.893
2280.324089, 69.947
2296.848258, 70.000
2313.492167, 70.052
2330.256685, 70.102
2347.142685, 70.151
2364.151049, 70.200
2381.282662, 70.248
2398.538418, 70.296
2415.919216, 70.343
2433.425962, 70.390
2451.059570, 70.438
2468.820958, 70.485
2486.711052, 70.534
2504.730786, 70.583
2522.881098, 70.633
2541.162934, 70.684
2559.577248, 70.736
2578.125000, 70.789
2596.807157, 70.843
2615.624692, 70.899
2634.578586, 70.956
2653.669829, 71.014
2672.899414, 71.074
2692.268345, 71.135
2711.777632, 71.198
2731.428290, 71.262
2751.221345, 71.327
2771.157829, 71.394
2791.238781, 71.462
2811.465248, 71.532
2831.838284, 71.602
2852.358952, 71.675
2873.028321, 71.748
2893.847468, 71.823
2914.817480, 71.900
2935.939449, 71.978
2957.214476, 72.057
2978.643672, 72.139
3000.228152, 72.222
3021.969041, 72.308
3043.867475, 72.395
3065.924593, 72.485
3088.141547, 72.578
3110.519493, 72.673
3133.059600, 72.771
3155.763041, 72.872
3178.631001, 72.976
3201.664672, 73.083
3224.865254, 73.194
3248.233957, 73.309
3271.771999, 73.428
3295.480608, 73.551
3319.361019, 73.679
3343.414477, 73.811
3367.642236, 73.948
3392.045560, 74.090
3416.625721, 74.237
3441.383999, 74.390
3466.321686, 74.549
3491.440082, 74.714
3516.740496, 74.885
3542.224247, 75.062
3567.892664, 75.247
3593.747085, 75.438
3619.788858, 75.637
3646.019340, 75.842
3672.439900, 76.055
3699.051913, 76.276
3725.856768, 76.504
3752.855862, 76.738
3780.050603, 76.980
3807.442408, 77.228
3835.032705, 77.482
3862.822933, 77.741
3890.814540, 78.005
3919.008986, 78.272
3947.407741, 78.542
3976.012284, 78.814
4004.824108, 79.086
4033.844715, 79.358
4063.075616, 79.627
4092.518337, 79.892
4122.174412, 80.152
4152.045387, 80.405
4182.132820, 80.648
4212.438278, 80.881
4242.963342, 81.099
4273.709604, 81.302
4304.678665, 81.486
4335.872141, 81.649
4367.291658, 81.788
4398.938854, 81.899
4430.815378, 81.980
4462.922893, 82.030
4495.263072, 82.044
4527.837601, 82.023
4560.648179, 81.964
4593.696515, 81.867
4626.984334, 81.732
4660.513370, 81.559
4694.285371, 81.350
4728.302098, 81.106
4762.565324, 80.829
4797.076835, 80.521
4831.838432, 80.185
4866.851925, 79.823
4902.119140, 79.440
4937.641916, 79.036
4973.422105, 78.616
5009.461572, 78.181
5045.762195, 77.736
5082.325868, 77.281
5119.154496, 76.821
5156.250000, 76.357
5193.614313, 75.890
5231.249383, 75.423
5269.157173, 74.958
5307.339658, 74.495
5345.798829, 74.036
5384.536691, 73.582
5423.555263, 73.133
5462.856580, 72.690
5502.442691, 72.253
5542.315659, 71.823
5582.477563, 71.400
5622.930497, 70.984
5663.676569, 70.575
5704.717904, 70.173
5746.056642, 69.779
5787.694937, 69.392
5829.634960, 69.012
5871.878898, 68.639
5914.428953, 68.274
5957.287343, 67.916
6000.456303, 67.566
6043.938083, 67.223
6087.734950, 66.887
6131.849187, 66.559
6176.283094, 66.239
6221.038987, 65.926
6266.119200, 65.620
6311.526083, 65.322
6357.262002, 65.031
6403.329344, 64.748
6449.730508, 64.472
6496.467914, 64.203
6543.543998, 63.941
6590.961215, 63.687
6638.722037, 63.439
6686.828954, 63.198
6735.284473, 62.964
6784.091120, 62.737
6833.251441, 62.517
6882.767998, 62.303
6932.643372, 62.097
6982.880164, 61.899
7033.480992, 61.709
7084.448495, 61.526
7135.785329, 61.353
7187.494171, 61.189
7239.577717, 61.035
7292.038681, 60.892
7344.879799, 60.760
7398.103826, 60.640
7451.713536, 60.533
7505.711724, 60.440
7560.101205, 60.361
7614.884815, 60.297
7670.065409, 60.251
7725.645865, 60.221
7781.629080, 60.211
7838.017972, 60.220
7894.815481, 60.251
7952.024569, 60.304
8009.648217, 60.382
8067.689429, 60.484
8126.151233, 60.613
8185.036674, 60.770
8244.348824, 60.954
8304.090774, 61.168
8364.265639, 61.410
8424.876556, 61.680
8485.926684, 61.975
8547.419207, 62.294
8609.357330, 62.632
8671.744282, 62.986
8734.583316, 63.351
8797.877707, 63.719
8861.630756, 64.084
8925.845785, 64.438
8990.526143, 64.775
9055.675202, 65.085
9121.296357, 65.362
9187.393031, 65.597
9253.968668, 65.784
9321.026740, 65.918
9388.570742, 65.994
9456.604196, 66.012
9525.130648, 65.972
9594.153671, 65.880
9663.676863, 65.742
9733.703850, 65.570
9804.238280, 65.376
9875.283832, 65.176
9946.844210, 64.984
10018.923143, 64.813
10091.524390, 64.675
10164.651736, 64.573
10238.308993, 64.508
10312.500000, 64.475
10387.228626, 64.466
10462.498767, 64.468
10538.314345, 64.473
10614.679315, 64.469
10691.597657, 64.450
10769.073381, 64.411
10847.110526, 64.349
10925.713161, 64.265
11004.885382, 64.161
11084.631318, 64.040
11164.955126, 63.907
11245.860993, 63.770
11327.353138, 63.634
11409.435808, 63.508
11492.113283, 63.399
11575.389873, 63.315
11659.269920, 63.262
11743.757796, 63.247
11828.857906, 63.271
11914.574686, 63.336
12000.912606, 63.437
12087.876166, 63.571
12175.469900, 63.727
12263.698373, 63.897
12352.566187, 64.070
12442.077974, 64.233
12532.238400, 64.376
12623.052165, 64.489
12714.524005, 64.563
12806.658687, 64.592
12899.461015, 64.572
12992.935827, 64.500
13087.087996, 64.377
13181.922430, 64.206
13277.444074, 63.991
13373.657907, 63.739
13470.568945, 63.456
13568.182241, 63.150
13666.502883, 62.829
13765.535996, 62.501
13865.286744, 62.173
13965.760328, 61.850
14066.961984, 61.535
14168.896989, 61.232
14271.570658, 60.940
14374.988342, 60.657
14479.155433, 60.381
14584.077362, 60.107
14689.759598, 59.831
14796.207652, 59.547
14903.427072, 59.252
15011.423448, 58.942
15120.202410, 58.614
15229.769630, 58.269
15340.130819, 57.905
15451.291730, 57.526
15563.258160, 57.132
15676.035944, 56.729
15789.630962, 56.320
15904.049137, 55.911
16019.296433, 55.505
16135.378859, 55.108
16252.302465, 54.723
16370.073348, 54.354
16488.697648, 54.003
16608.181548, 53.669
16728.531278, 53.353
16849.753112, 53.052
16971.853368, 52.761
17094.838414, 52.477
17218.714660, 52.194
17343.488565, 51.907
17469.166632, 51.612
17595.755415, 51.304
17723.261512, 50.980
17851.691571, 50.637
17981.052287, 50.275
18111.350404, 49.890
18242.592715, 49.484
18374.786062, 49.054
18507.937336, 48.601
18642.053479, 48.126
18777.141484, 47.630
18913.208391, 47.118
19050.261296, 46.596
19188.307342, 46.074
19327.353727, 45.567
19467.407699, 45.091
19608.476560, 44.668
19750.567664, 44.322
19893.688419, 44.075
20037.846286, 43.945
